19
38
57
76
95
114
133
152
171
190
209
228
247
266
285
304
323
342
361
380
399
418
437
456
475
494
513
532
551
570
589
608
627
646
665
684
703
722
741
760
779
798
817
836
855
874
893
912
931
950
969
988
1007
1026
1045
1064
1083
1102
1121
1140
1159
1178
1197
1216
1235
1254
1273
1292
1311
1330
1349
1368
1387
1406
1425
1444
1463
1482
1501
1520
1539
1558
1577
1596
1615
1634
1653
1672
1691
1710
1729
1748
1767
1786
1805
1824
1843
1862
1881
1900
1919
1938
1957
1976
1995
2014
2033
2052
2071
2090
2109
2128
2147
2166
2185
2204
2223
2242
2261
2280
2299
2318
2337
2356
2375
2394
2413
2432
2451
2470
2489
2508
2527
2546
2565
2584
2603
2622
2641
2660
2679
2698
2717
2736
2755
2774
2793
2812
2831
2850
2869
2888
2907
2926
2945
2964
2983
3002
3021
3040
3059
3078
3097
3116
3135
3154
3173
3192
3211
3230
3249
3268
3287
3306
3325
3344
3363
3382
3401
3420
3439
3458
3477
3496
3515
3534
3553
3572
3591
3610
3629
3648
3667
3686
3705
3724
3743
3762
3781
3800
3819
3838
3857
3876
3895
3914
3933
3952
3971
3990
4009
4028
4047
4066
4085
4104
4123
4142
4161
4180
4199
4218
4237
4256
4275
4294
4313
4332
4351
4370
4389
4408
4427
4446
4465
4484
4503
4522
4541
4560
4579
4598
4617
4636
4655
4674
4693
4712
4731
4750
4769
4788
4807
4826
4845
4864
4883
4902
4921
4940
4959
4978
4997
5016
5035
5054
5073
5092
5111
5130
5149
5168
5187
5206
5225
5244
5263
5282
5301
5320
5339
5358
5377
5396
5415
5434
5453
5472
5491
5510
5529
5548
5567
5586
5605
5624
5643
5662
5681
5700
5719
5738
5757
5776
5795
5814
5833
5852
5871
5890
5909
5928
5947
5966
5985
6004
6023
6042
6061
6080
6099
6118
6137
6156
6175
6194
6213
6232
6251
6270
6289
6308
6327
6346
6365
6384
6403
6422
6441
6460
6479
6498
6517
6536
6555
6574
6593
6612
6631
6650
6669
6688
6707
6726
6745
6764
6783
6802
6821
6840
6859
6878
6897
6916
6935
6954
6973
6992
7011
7030
7049
7068
7087
7106
7125
7144
7163
7182
7201
7220
7239
7258
7277
7296
7315
7334
7353
7372
7391
7410
7429
7448
7467
7486
7505
7524
7543
7562
7581
7600
7619
7638
7657
7676
7695
7714
7733
7752
7771
7790
7809
7828
7847
7866
7885
7904
7923
7942
7961
7980
7999
8018
8037
8056
8075
8094
8113
8132
8151
8170
8189
8208
8227
8246
8265
8284
8303
8322
8341
8360
8379
8398
8417
8436
8455
8474
8493
8512
8531
8550
8569
8588
8607
8626
8645
8664
8683
8702
8721
8740
8759
8778
8797
8816
8835
8854
8873
8892
8911
8930
8949
8968
8987
9006
9025
9044
9063
9082
9101
9120
9139
9158
9177
9196
9215
9234
9253
9272
9291
9310
9329
9348
9367
9386
9405
9424
9443
9462
9481
9500
9519
9538
9557
9576
9595
9614
9633
9652
9671
9690
9709
9728
9747
9766
9785
9804
9823
9842
9861
9880
9899
9918
9937
9956
9975
9994
10013
10032
10051
10070
10089
10108
10127
10146
10165
10184
10203
10222
10241
10260
10279
10298
10317
10336
10355
10374
10393
10412
10431
10450
10469
10488
10507
10526
10545
10564
10583
10602
10621
10640
10659
10678
10697
10716
10735
10754
10773
10792
10811
10830
10849
10868
10887
10906
10925
10944
10963
10982
11001
11020
11039
11058
11077
11096
11115
11134
11153
11172
11191
11210
11229
11248
11267
11286
11305
11324
11343
11362
11381
11400
11419
11438
11457
11476
11495
11514
11533
11552
11571
11590
11609
11628
11647
11666
11685
11704
11723
11742
11761
11780
11799
11818
11837
11856
11875
11894
11913
11932
11951
11970
11989
12008
12027
12046
12065
12084
12103
12122
12141
12160
12179
12198
12217
12236
12255
12274
12293
12312
12331
12350
12369
12388
12407
12426
12445
12464
12483
12502
12521
12540
12559
12578
12597
12616
12635
12654
12673
12692
12711
12730
12749
12768
12787
12806
12825
12844
12863
12882
12901
12920
12939
12958
12977
12996
13015
13034
13053
13072
13091
13110
13129
13148
13167
13186
13205
13224
13243
13262
13281
13300
13319
13338
13357
13376
13395
13414
13433
13452
13471
13490
13509
13528
13547
13566
13585
13604
13623
13642
13661
13680
13699
13718
13737
13756
13775
13794
13813
13832
13851
13870
13889
13908
13927
13946
13965
13984
14003
14022
14041
14060
14079
14098
14117
14136
14155
14174
14193
14212
14231
14250
14269
14288
14307
14326
14345
14364
14383
14402
14421
14440
14459
14478
14497
14516
14535
14554
14573
14592
14611
14630
14649
14668
14687
14706
14725
14744
14763
14782
14801
14820
14839
14858
14877
14896
14915
14934
14953
14972
14991
15010
15029
15048
15067
15086
15105
15124
15143
15162
15181
15200
15219
15238
15257
15276
15295
15314
15333
15352
15371
15390
15409
15428
15447
15466
15485
15504
15523
15542
15561
15580
15599
15618
15637
15656
15675
15694
15713
15732
15751
15770
15789
15808
15827
15846
15865
15884
15903
15922
15941
15960
15979
15998
16017
16036
16055
16074
16093
16112
16131
16150
16169
16188
16207
16226
16245
16264
16283
16302
16321
16340
16359
16378
16397
16416
16435
16454
16473
16492
16511
16530
16549
16568
16587
16606
16625
16644
16663
16682
16701
16720
16739
16758
16777
16796
16815
16834
16853
16872
16891
16910
16929
16948
16967
16986
17005
17024
17043
17062
17081
17100
17119
17138
17157
17176
17195
17214
17233
17252
17271
17290
17309
17328
17347
17366
17385
17404
17423
17442
17461
17480
17499
17518
17537
17556
17575
17594
17613
17632
17651
17670
17689
17708
17727
17746
17765
17784
17803
17822
17841
17860
17879
17898
17917
17936
17955
17974
17993
18012
18031
18050
18069
18088
18107
18126
18145
18164
18183
18202
18221
18240
18259
18278
18297
18316
18335
18354
18373
18392
18411
18430
18449
18468
18487
18506
18525
18544
18563
18582
18601
18620
18639
18658
18677
18696
18715
18734
18753
18772
18791
18810
18829
18848
18867
18886
18905
18924
18943
18962
18981
19000
19019
19038
19057
19076
19095
19114
19133
19152
19171
19190
19209
19228
19247
19266
19285
19304
19323
19342
19361
19380
19399
19418
19437
19456
19475
19494
19513
19532
19551
19570
19589
19608
19627
19646
19665
19684
19703
19722
19741
19760
19779
19798
19817
19836
19855
19874
19893
19912
19931
19950
19969
19988
20007
20026
20045
20064
20083
20102
20121
20140
20159
20178
20197
20216
20235
20254
20273
20292
20311
20330
20349
20368
20387
20406
20425
20444
20463
20482
20501
20520
20539
20558
20577
20596
20615
20634
20653
20672
20691
20710
20729
20748
20767
20786
20805
20824
20843
20862
20881
20900
20919
20938
20957
20976
20995
21014
21033
21052
21071
21090
21109
21128
21147
21166
21185
21204
21223
21242
21261
21280
21299
21318
21337
21356
21375
21394
21413
21432
21451
21470
21489
21508
21527
21546
21565
21584
21603
21622
21641
21660
21679
21698
21717
21736
21755
21774
21793
21812
21831
21850
21869
21888
21907
21926
21945
21964
21983
22002
22021
22040
22059
22078
22097
22116
22135
22154
22173
22192
22211
22230
22249
22268
22287
22306
22325
22344
22363
22382
22401
22420
22439
22458
22477
22496
22515
22534
22553
22572
22591
22610
22629
22648
22667
22686
22705
22724
22743
22762
22781
22800
22819
22838
22857
22876
22895
22914
22933
22952
22971
22990
23009
23028
23047
23066
23085
23104
23123
23142
23161
23180
23199
23218
23237
23256
23275
23294
23313
23332
23351
23370
23389
23408
23427
23446
23465
23484
23503
23522
23541
23560
23579
23598
23617
23636
23655
23674
23693
23712
23731
23750
23769
23788
23807
23826
23845
23864
23883
23902
23921
23940
23959
23978
23997
24016
24035
24054
24073
24092
24111
24130
24149
24168
24187
24206
24225
24244
24263
24282
24301
24320
24339
24358
24377
24396
24415
24434
24453
24472
24491
24510
24529
24548
24567
24586
24605
24624
24643
24662
24681
24700
24719
24738
24757
24776
24795
24814
24833
24852
24871
24890
24909
24928
24947
24966
24985
25004
25023
25042
25061
25080
25099
25118
25137
25156
25175
25194
25213
25232
25251
25270
25289
25308
25327
25346
25365
25384
25403
25422
25441
25460
25479
25498
25517
25536
25555
25574
25593
25612
25631
25650
25669
25688
25707
25726
25745
25764
25783
25802
25821
25840
25859
25878
25897
25916
25935
25954
25973
25992
26011
26030
26049
26068
26087
26106
26125
26144
26163
26182
26201
26220
26239
26258
26277
26296
26315
26334
26353
26372
26391
26410
26429
26448
26467
26486
26505
26524
26543
26562
26581
26600
26619
26638
26657
26676
26695
26714
26733
26752
26771
26790
26809
26828
26847
26866
26885
26904
26923
26942
26961
26980
26999
27018
27037
27056
27075
27094
27113
27132
27151
27170
27189
27208
27227
27246
27265
27284
27303
27322
27341
27360
27379
27398
27417
27436
27455
27474
27493
27512
27531
27550
27569
27588
27607
27626
27645
27664
27683
27702
27721
27740
27759
27778
27797
27816
27835
27854
27873
27892
27911
27930
27949
27968
27987
28006
28025
28044
28063
28082
28101
28120
28139
28158
28177
28196
28215
28234
28253
28272
28291
28310
28329
28348
28367
28386
28405
28424
28443
28462
28481
28500
28519
28538
28557
28576
28595
28614
28633
28652
28671
28690
28709
28728
28747
28766
28785
28804
28823
28842
28861
28880
28899
28918
28937
28956
28975
28994
29013
29032
29051
29070
29089
29108
29127
29146
29165
29184
29203
29222
29241
29260
29279
29298
29317
29336
29355
29374
29393
29412
29431
29450
29469
29488
29507
29526
29545
29564
29583
29602
29621
29640
29659
29678
29697
29716
29735
29754
29773
29792
29811
29830
29849
29868
29887
29906
29925
29944
29963
29982
30001
30020
30039
30058
30077
30096
30115
30134
30153
30172
30191
30210
30229
30248
30267
30286
30305
30324
30343
30362
30381
30400
30419
30438
30457
30476
30495
30514
30533
30552
30571
30590
30609
30628
30647
30666
30685
30704
30723
30742
30761
30780
30799
30818
30837
30856
30875
30894
30913
30932
30951
30970
30989
31008
31027
31046
31065
31084
31103
31122
31141
31160
31179
31198
31217
31236
31255
31274
31293
31312
31331
31350
31369
31388
31407
31426
31445
31464
31483
31502
31521
31540
31559
31578
31597
31616
31635
31654
31673
31692
31711
31730
31749
31768
31787
31806
31825
31844
31863
31882
31901
31920
31939
31958
31977
31996
32015
32034
32053
32072
32091
32110
32129
32148
32167
32186
32205
32224
32243
32262
32281
32300
32319
32338
32357
32376
32395
32414
32433
32452
32471
32490
32509
32528
32547
32566
32585
32604
32623
32642
32661
32680
32699
32718
32737
32756
32775
32794
32813
32832
32851
32870
32889
32908
32927
32946
32965
32984
33003
33022
33041
33060
33079
33098
33117
33136
33155
33174
33193
33212
33231
33250
33269
33288
33307
33326
33345
33364
33383
33402
33421
33440
33459
33478
33497
33516
33535
33554
33573
33592
33611
33630
33649
33668
33687
33706
33725
33744
33763
33782
33801
33820
33839
33858
33877
33896
33915
33934
33953
33972
33991
34010
34029
34048
34067
34086
34105
34124
34143
34162
34181
34200
34219
34238
34257
34276
34295
34314
34333
34352
34371
34390
34409
34428
34447
34466
34485
34504
34523
34542
34561
34580
34599
34618
34637
34656
34675
34694
34713
34732
34751
34770
34789
34808
34827
34846
34865
34884
34903
34922
34941
34960
34979
34998
35017
35036
35055
35074
35093
35112
35131
35150
35169
35188
35207
35226
35245
35264
35283
35302
35321
35340
35359
35378
35397
35416
35435
35454
35473
35492
35511
35530
35549
35568
35587
35606
35625
35644
35663
35682
35701
35720
35739
35758
35777
35796
35815
35834
35853
35872
35891
35910
35929
35948
35967
35986
36005
36024
36043
36062
36081
36100
36119
36138
36157
36176
36195
36214
36233
36252
36271
36290
36309
36328
36347
36366
36385
36404
36423
36442
36461
36480
36499
36518
36537
36556
36575
36594
36613
36632
36651
36670
36689
36708
36727
36746
36765
36784
36803
36822
36841
36860
36879
36898
36917
36936
36955
36974
36993
37012
37031
37050
37069
37088
37107
37126
37145
37164
37183
37202
37221
37240
37259
37278
37297
37316
37335
37354
37373
37392
37411
37430
37449
37468
37487
37506
37525
37544
37563
37582
37601
37620
37639
37658
37677
37696
37715
37734
37753
37772
37791
37810
37829
37848
37867
37886
37905
37924
37943
37962
37981
38000
